0 1 c 1
0 1 e 3
2 4 a 2
2 5 d 0
3 8 e 0
5 8 a 3
6 3 a 0
6 9 e 0
8 2 b 4
8 3 d 2
9 1 c 4
9 6 d 0
0 2 d 1
0 3 e 4
1 8 b 3
1 2 d 1
2 4 a 3
2 2 b 3
2 8 c 3
3 5 a 0
3 6 b 0
3 1 c 1
4 7 d 3
6 5 a 0
6 3 b 1
6 4 c 3
8 9 b 0
9 8 b 3
9 5 e 0
0 9 a 1
0 0 b 3
0 7 c 4
0 9 d 2
0 1 e 1
1 1 a 3
1 1 b 2
1 8 c 2
1 3 d 0
1 6 e 3
2 9 a 0
2 9 b 0
2 1 c 2
2 6 d 0
2 5 e 1
3 2 a 3
3 5 b 0
3 0 c 0
3 5 d 4
3 9 e 0
4 8 a 2
4 8 b 3
4 0 c 4
4 2 d 2
4 8 e 1
5 2 a 2
5 7 b 2
5 1 c 2
5 2 d 2
5 6 e 4
6 5 a 3
6 6 b 0
6 9 c 4
6 7 d 4
6 5 e 3
7 8 a 2
7 8 b 1
7 1 c 3
7 0 d 1
7 0 e 4
8 2 a 2
8 7 b 3
8 1 c 1
8 7 d 4
8 0 e 2
9 6 a 0
9 1 b 1
9 9 c 0
9 8 d 4
9 1 e 0
0 5 a 1
0 5 b 0
0 4 c 2
0 2 d 4
0 8 e 4
1 2 a 3
1 0 b 0
1 9 c 3
1 4 d 2
1 9 e 4
2 0 a 3
2 2 b 0
2 5 c 3
2 3 d 2
2 2 e 2
3 9 a 2
3 6 b 0
3 6 c 0
3 5 d 0
3 1 e 3
4 8 a 3
4 1 b 2
4 1 c 1
4 8 d 2
4 2 e 0
5 4 a 1
5 4 b 2
5 0 c 3
5 7 d 0
5 9 e 1
6 5 a 3
6 0 b 1
6 0 c 3
6 6 d 4
6 1 e 3
7 9 a 2
7 6 b 2
7 7 c 1
7 0 d 2
7 3 e 2
8 1 a 3
8 5 b 2
8 1 c 4
8 1 d 0
8 8 e 0
9 9 a 3
9 6 b 2
9 6 c 1
9 5 d 4
9 5 e 0
0 4 a 4
0 9 b 0
0 8 c 3
0 0 d 4
0 5 e 0
1 4 a 1
1 6 b 3
1 9 c 4
1 0 d 4
1 5 e 3
2 7 a 0
2 2 b 4
2 0 c 3
2 5 d 2
2 8 e 0
3 5 a 4
3 8 b 2
3 6 c 1
3 4 d 0
3 0 e 2
4 5 a 3
4 3 b 3
4 5 c 2
4 2 d 1
4 5 e 4
5 7 a 3
5 1 b 1
5 7 c 3
5 5 d 4
5 7 e 2
6 3 a 4
6 2 b 0
6 6 c 4
6 7 d 3
6 9 e 3
7 2 a 3
7 5 b 1
7 5 c 1
7 4 d 4
7 8 e 4
8 6 a 3
8 8 b 1
8 3 c 2
8 0 d 4
8 2 e 0
9 0 a 0
9 4 b 4
9 3 c 1
9 9 d 3
9 7 e 0
0 1 a 4
0 9 b 2
0 5 c 2
0 2 d 4
0 0 e 2
1 6 a 4
1 7 b 4
1 2 c 1
1 5 d 4
1 8 e 4
2 1 a 3
2 0 b 2
2 4 c 3
2 6 d 3
2 7 e 4
3 2 a 1
3 0 b 1
3 0 c 4
3 8 d 0
3 2 e 2
4 8 a 3
4 6 b 1
4 8 c 0
4 0 d 1
4 3 e 4
5 0 a 1
5 0 b 3
5 8 c 4
5 8 d 1
5 9 e 4
6 0 a 1
6 4 b 4
6 8 c 3
6 4 d 4
6 4 e 0
7 1 a 4
7 4 b 2
7 8 c 2
7 8 d 0
7 2 e 1
8 6 a 0
8 0 b 4
8 4 c 2
8 7 d 2
8 9 e 2
9 2 a 2
9 9 b 3
9 7 c 1
9 0 d 0
9 0 e 4
0 7 a 3
0 7 b 3
0 7 c 1
0 4 d 0
0 2 e 1
1 8 a 2
1 3 b 3
1 3 c 3
1 9 d 4
1 0 e 1
2 1 a 3
2 1 b 3
2 4 c 0
2 8 d 3
2 4 e 1
3 2 a 4
3 7 b 0
3 9 c 4
3 5 d 4
3 4 e 0
4 9 a 3
4 6 b 2
4 3 c 4
4 0 d 2
4 6 e 1
5 2 a 2
5 4 b 0
5 2 c 1
5 6 d 2
5 8 e 1
6 3 a 0
6 8 b 0
6 2 c 0
6 3 d 4
6 9 e 3
7 7 a 2
7 5 b 2
7 2 c 3
7 4 d 1
7 0 e 4
8 5 a 2
8 7 b 4
8 7 c 3
8 2 d 1
8 7 e 1
9 3 a 0
9 0 b 2
9 8 c 0
9 3 d 2
9 8 e 3
0 5 a 2
0 9 b 2
0 3 c 1
0 5 d 0
0 4 e 2
1 5 a 1
1 8 b 2
1 2 c 0
1 0 d 3
1 8 e 3
2 0 a 0
2 4 b 0
2 2 c 3
2 6 d 2
2 9 e 0
3 8 a 2
3 7 b 2
3 3 c 1
3 5 d 4
3 5 e 1
4 4 a 4
4 8 b 1
4 5 c 2
4 6 d 3
4 9 e 0
5 2 a 4
5 9 b 0
5 8 c 2
5 6 d 2
5 1 e 1
6 9 a 1
6 4 b 1
6 7 c 1
6 7 d 4
6 4 e 3
7 6 a 4
7 6 b 1
7 3 c 0
7 5 d 4
7 3 e 2
8 4 a 2
8 3 b 0
8 8 c 2
8 6 d 1
8 2 e 4
9 7 a 1
9 7 b 3
9 4 c 2
9 2 d 4
9 3 e 4
0 0 a 2
0 7 b 2
0 7 c 2
0 5 d 1
0 1 e 2
1 0 a 1
1 1 b 3
1 0 c 3
1 7 d 2
1 5 e 2
2 5 a 3
2 0 b 4
2 4 c 1
2 3 d 4
2 7 e 1
3 3 a 4
3 8 b 0
3 2 c 2
3 7 d 1
3 9 e 0
4 6 a 3
4 5 b 2
4 4 c 0
4 0 d 3
4 1 e 1
5 1 a 2
5 5 b 4
5 3 c 0
5 5 d 2
5 6 e 0
6 1 a 3
6 7 b 3
6 0 c 4
6 7 d 3
6 4 e 3
7 8 a 1
7 6 b 2
7 0 c 4
7 3 d 3
7 0 e 1
8 9 a 0
8 1 b 1
8 5 c 2
8 4 d 1
8 6 e 3
9 0 a 1
9 5 b 0
9 2 c 4
9 5 d 1
9 8 e 4
0 7 a 0
0 8 b 4
0 4 c 0
0 9 d 0
0 7 e 1
1 5 a 4
1 9 b 3
1 5 c 0
1 6 d 1
1 9 e 3
2 5 a 4
2 8 b 3
2 5 c 1
2 2 d 3
2 0 e 0
3 2 a 1
3 6 b 0
3 5 c 0
3 3 d 0
3 3 e 1
4 5 a 4
4 0 b 2
4 6 c 1
4 9 d 1
4 6 e 4
5 8 a 2
5 3 b 3
5 5 c 3
5 4 d 3
5 5 e 2
6 0 a 3
6 7 b 3
6 4 c 4
6 8 d 1
6 7 e 2
7 6 a 3
7 3 b 2
7 9 c 0
7 8 d 4
7 0 e 2
8 8 a 4
8 4 b 2
8 1 c 3
8 7 d 0
8 7 e 2
9 7 a 3
9 3 b 4
9 8 c 2
9 9 d 2
9 8 e 0
0 6 a 1
0 1 b 1
0 0 c 3
0 3 d 3
0 7 e 4
1 5 a 4
1 0 b 2
1 4 c 1
1 7 d 3
1 8 e 2
2 8 a 0
2 7 b 4
2 7 c 1
2 5 d 1
2 1 e 1
3 2 a 1
3 4 b 2
3 8 c 1
3 3 d 1
3 3 e 1
4 6 a 3
4 8 b 1
4 2 c 2
4 8 d 3
4 3 e 0
5 1 a 3
5 2 b 2
5 8 c 3
5 0 d 4
5 9 e 4
6 7 a 2
6 5 b 2
6 0 c 3
6 9 d 0
6 2 e 4
7 2 a 2
7 7 b 0
7 5 c 0
7 6 d 2
7 9 e 1
8 8 a 4
8 5 b 3
8 3 c 2
8 5 d 0
8 3 e 0
9 3 a 4
9 3 b 4
9 1 c 3
9 4 d 4
9 9 e 2
0 0 e 2
1 4 b 3
1 3 e 1
2 6 a 4
2 3 d 4
4 2 b 2
4 0 d 2
6 4 a 4
7 8 a 0
8 8 d 1
9 8 b 2
9 3 d 2
0 3 a 4
0 1 b 0
0 9 c 3
0 8 d 2
0 0 e 3
1 9 a 1
1 1 b 1
1 5 c 0
1 9 d 1
1 5 e 2
2 3 a 3
2 4 b 0
2 0 c 0
2 6 d 3
2 1 e 1
3 8 a 4
3 6 b 3
3 0 c 0
3 9 d 1
3 4 e 4
4 5 a 4
4 0 b 2
4 8 c 4
4 3 d 3
4 1 e 0
5 7 a 3
5 4 b 0
5 9 c 1
5 8 d 3
5 6 e 4
6 9 a 1
6 4 b 3
6 5 c 2
6 3 d 2
6 2 e 0
7 8 a 0
7 1 b 2
7 5 c 0
7 6 d 2
7 1 e 3
8 9 a 3
8 0 b 3
8 6 c 4
8 4 d 3
8 3 e 3
9 7 a 4
9 0 b 2
9 5 c 2
9 8 d 2
9 3 e 4
0 6 a 1
0 0 b 4
0 1 c 2
0 4 d 4
0 9 e 0
1 9 a 2
1 4 b 3
1 4 c 4
1 0 d 2
1 5 e 0
2 4 a 0
2 2 b 1
2 2 c 2
2 3 d 4
2 3 e 4
3 9 a 4
3 6 b 4
3 8 c 4
3 9 d 2
3 5 e 4
4 6 a 2
4 5 b 3
4 0 c 1
4 5 d 2
4 6 e 2
5 3 a 1
5 6 b 0
5 0 c 4
5 1 d 3
5 8 e 0
6 1 a 1
6 5 b 2
6 3 c 1
6 4 d 2
6 3 e 1
7 6 a 1
7 3 b 1
7 8 c 4
7 4 d 0
7 8 e 3
8 0 a 3
8 5 b 3
8 0 c 3
8 6 d 1
8 7 e 1
9 0 a 0
9 9 b 4
9 8 c 3
9 4 d 1
9 6 e 2
0 3 a 4
0 6 b 2
0 1 c 4
0 7 d 2
0 9 e 4
1 6 a 3
1 8 b 4
1 4 c 3
1 3 d 1
1 4 e 1
2 6 a 1
2 0 b 2
2 3 c 3
2 9 d 2
2 8 e 0
3 8 a 3
3 1 b 2
3 3 c 1
3 3 d 2
3 1 e 0
4 8 a 3
4 5 b 1
4 9 c 1
4 6 d 4
4 9 e 1
5 2 a 1
5 0 b 4
5 7 c 1
5 3 d 4
5 2 e 2
6 3 a 3
6 0 b 1
6 0 c 1
6 2 d 2
6 4 e 4
7 3 a 3
7 3 b 3
7 5 c 0
7 0 d 2
7 4 e 4
8 8 a 3
8 2 b 0
8 1 c 2
8 7 d 0
8 0 e 0
9 8 a 0
9 4 b 1
9 0 c 4
9 3 d 0
9 5 e 3
0 6 b 0
2 3 b 2
4 7 d 1
4 4 e 1
5 2 a 1
5 0 d 4
6 2 c 3
6 5 e 1
7 2 b 4
7 7 c 3
8 1 d 0
9 0 e 4
0 0 e 0
1 7 a 4
1 0 b 2
1 2 c 1
1 4 d 0
2 8 a 2
3 5 a 0
3 1 c 0
3 6 d 0
3 1 e 2
4 2 b 3
4 3 c 4
4 7 e 2
5 7 a 2
5 6 b 4
5 2 e 4
7 7 a 4
9 7 a 1
9 7 c 1
9 0 d 0
0 2 a 2
0 1 b 4
0 2 c 2
0 8 d 0
0 6 e 2
1 4 a 2
1 6 b 1
1 4 c 1
1 3 d 3
1 7 e 4
2 8 a 4
2 7 b 1
2 3 c 0
2 5 d 3
2 4 e 0
3 8 a 1
3 1 b 0
3 3 c 1
3 8 d 4
3 7 e 1
4 7 a 4
4 4 b 0
4 2 c 4
4 0 d 3
4 5 e 1
5 4 a 0
5 3 b 2
5 7 c 3
5 9 d 0
5 9 e 4
6 2 a 1
6 1 b 4
6 8 c 1
6 0 d 1
6 8 e 4
7 3 a 3
7 4 b 3
7 1 c 0
7 7 d 0
7 6 e 0
8 1 a 3
8 9 b 4
8 0 c 1
8 0 d 3
8 0 e 3
9 5 a 0
9 6 b 2
9 0 c 3
9 4 d 2
9 1 e 4
0 6 a 2
0 3 b 0
0 1 c 2
0 9 d 2
0 7 e 4
1 3 a 1
1 3 b 2
1 9 c 4
1 9 d 4
1 5 e 2
2 5 a 0
2 7 b 4
2 3 c 1
2 4 d 1
2 8 e 4
3 6 a 1
3 3 b 1
3 0 c 2
3 6 d 2
3 3 e 0
4 3 a 3
4 4 b 4
4 9 c 3
4 3 d 2
4 5 e 2
5 2 a 4
5 9 b 1
5 4 c 1
5 0 d 1
5 5 e 2
6 9 a 2
6 8 b 4
6 7 c 0
6 4 d 4
6 7 e 2
7 5 a 3
7 9 b 2
7 8 c 2
7 4 d 1
7 3 e 4
8 9 a 1
8 2 b 1
8 4 c 2
8 3 d 4
8 5 e 3
9 7 a 1
9 0 b 1
9 8 c 1
9 1 d 2
9 6 e 4
0 8 d 4
1 7 c 0
1 4 d 2
2 1 c 0
2 8 e 1
3 6 b 0
3 1 d 0
4 1 d 2
4 3 e 0
5 8 b 4
5 7 d 1
6 7 d 4
6 1 e 0
7 8 d 4
9 0 a 0
0 3 a 4
0 6 b 4
0 9 c 1
0 3 d 1
0 3 e 1
1 1 a 0
1 1 b 3
1 2 c 3
1 0 d 4
1 9 e 2
2 4 a 3
2 5 b 1
2 5 c 4
2 2 d 3
2 5 e 3
3 1 a 2
3 8 b 3
3 8 c 3
3 8 d 1
3 5 e 1
4 7 a 1
4 3 b 2
4 2 c 3
4 9 d 3
4 6 e 2
5 1 a 2
5 1 b 4
5 8 c 1
5 7 d 3
5 8 e 3
6 0 a 2
6 3 b 1
6 7 c 1
6 9 d 3
6 7 e 4
7 0 a 2
7 1 b 4
7 2 c 3
7 5 d 2
7 8 e 2
8 7 a 3
8 1 b 0
8 8 c 3
8 3 d 1
8 7 e 0
9 8 a 3
9 9 b 0
9 8 c 1
9 7 d 2
9 2 e 0
0 4 d 1
0 0 e 1
1 8 b 2
2 0 c 4
3 7 e 2
4 8 e 4
5 1 a 4
5 4 d 3
6 1 a 4
6 9 d 1
7 9 c 0
8 0 b 1
9 4 a 1
9 1 c 3
9 6 d 0
0 9 a 1
0 2 b 3
0 8 c 1
0 4 d 1
0 0 e 0
1 1 a 1
1 2 b 0
1 5 c 3
1 8 d 2
1 3 e 2
2 4 a 3
2 0 b 0
2 6 c 1
2 0 d 2
2 3 e 3
3 5 a 4
3 4 b 2
3 1 c 1
3 4 d 1
3 5 e 2
4 4 a 4
4 3 b 0
4 9 c 1
4 2 d 0
4 9 e 4
5 6 a 4
5 5 b 0
5 6 c 3
5 2 d 3
5 7 e 4
6 6 a 1
6 5 b 2
6 6 c 4
6 5 d 0
6 6 e 1
7 7 a 0
7 2 b 2
7 9 c 1
7 1 d 3
7 2 e 3
8 0 a 0
8 5 b 0
8 0 c 4
8 0 d 3
8 0 e 1
9 1 a 4
9 7 b 1
9 4 c 3
9 0 d 4
9 5 e 1
0 9 a 1
0 6 b 4
0 1 c 0
0 6 d 1
0 7 e 3
1 7 a 0
1 5 b 2
1 2 c 3
1 7 d 3
1 1 e 1
2 6 a 4
2 6 b 1
2 9 c 0
2 5 d 4
2 8 e 3
3 7 a 3
3 7 b 0
3 9 c 0
3 8 d 3
3 1 e 1
4 4 a 0
4 2 b 1
4 9 c 3
4 2 d 2
4 1 e 3
5 8 a 0
5 8 b 0
5 6 c 1
5 2 d 0
5 4 e 3
6 5 a 3
6 7 b 0
6 7 c 1
6 4 d 0
6 1 e 0
7 9 a 4
7 7 b 1
7 5 c 1
7 7 d 0
7 7 e 4
8 0 a 0
8 0 b 2
8 1 c 0
8 1 d 4
8 9 e 3
9 1 a 0
9 8 b 3
9 2 c 0
9 7 d 1
9 5 e 0
0 7 a 4
0 9 b 1
0 7 c 0
0 3 d 3
0 9 e 2
1 6 a 4
1 4 b 4
1 9 c 4
1 7 d 3
1 4 e 4
2 3 a 0
2 7 b 0
2 3 c 4
2 2 d 4
2 1 e 0
3 2 a 2
3 5 b 2
3 5 c 4
3 1 d 2
3 0 e 4
4 9 a 3
4 5 b 2
4 5 c 2
4 2 d 4
4 5 e 2
5 3 a 3
5 9 b 1
5 6 c 4
5 5 d 1
5 1 e 3
6 3 a 1
6 4 b 1
6 8 c 1
6 1 d 4
6 3 e 4
7 1 a 3
7 7 b 0
7 2 c 3
7 6 d 3
7 1 e 4
8 2 a 2
8 5 b 1
8 8 c 2
8 5 d 3
8 6 e 2
9 1 a 2
9 1 b 2
9 6 c 0
9 1 d 2
9 2 e 1
0 1 a 4
1 3 a 3
1 1 e 4
2 9 b 4
3 5 a 1
3 8 e 1
4 1 d 1
5 3 d 2
5 2 e 4
6 6 b 3
7 9 b 2
7 4 d 2
9 7 c 4
0 5 a 4
0 3 b 0
0 8 c 0
0 5 d 4
0 6 e 1
1 9 a 0
1 8 b 3
1 8 c 1
1 3 d 1
1 1 e 2
2 8 a 2
2 4 b 3
2 6 c 3
2 5 d 0
2 2 e 3
3 0 a 4
3 8 b 1
3 4 c 0
3 6 d 3
3 9 e 1
4 6 a 3
4 2 b 3
4 1 c 0
4 2 d 3
4 4 e 1
5 9 a 0
5 6 b 2
5 9 c 2
5 6 d 1
5 4 e 2
6 0 a 4
6 9 b 1
6 1 c 0
6 5 d 0
6 1 e 4
7 6 a 0
7 8 b 1
7 2 c 1
7 0 d 0
7 9 e 4
8 0 a 4
8 2 b 0
8 4 c 2
8 4 d 1
8 1 e 3
9 7 a 0
9 6 b 4
9 8 c 0
9 4 d 1
9 1 e 3
0 9 a 3
0 9 b 3
0 9 c 2
0 6 d 4
0 4 e 4
1 3 a 2
1 6 b 0
1 6 c 3
1 6 d 3
1 6 e 4
2 8 a 2
2 3 b 1
2 0 c 0
2 0 d 3
2 0 e 2
3 0 a 2
3 7 b 0
3 2 c 1
3 3 d 1
3 3 e 1
4 9 a 3
4 4 b 1
4 5 c 3
4 9 d 4
4 2 e 4
5 2 a 2
5 7 b 3
5 2 c 3
5 8 d 1
5 1 e 4
6 8 a 1
6 4 b 0
6 8 c 3
6 8 d 4
6 9 e 2
7 3 a 0
7 2 b 0
7 1 c 0
7 9 d 2
7 4 e 2
8 6 a 3
8 6 b 4
8 9 c 4
8 9 d 0
8 6 e 4
9 9 a 1
9 3 b 2
9 6 c 0
9 6 d 1
9 3 e 3
0 9 c 3
0 2 e 3
1 5 c 1
1 7 d 3
1 3 e 1
2 4 d 4
3 8 e 0
4 1 c 1
5 2 a 3
5 1 b 1
5 5 e 3
6 5 e 3
7 6 b 3
7 5 e 1
8 9 b 3
8 6 e 1
9 8 a 2
9 7 c 4
0 2 a 0
0 8 b 2
0 0 c 1
0 7 d 1
0 2 e 3
1 4 a 1
1 6 b 4
1 7 c 2
1 6 d 2
1 5 e 4
2 3 a 4
2 6 b 4
2 9 c 4
2 4 d 0
2 5 e 0
3 9 a 4
3 2 b 4
3 1 c 3
3 1 d 1
3 7 e 3
4 3 a 0
4 5 b 2
4 5 c 0
4 5 d 2
4 7 e 0
5 9 a 2
5 3 b 1
5 1 c 3
5 1 d 3
5 2 e 0
6 5 a 1
6 6 b 0
6 7 c 3
6 4 d 0
6 0 e 0
7 6 a 2
7 2 b 1
7 6 c 1
7 6 d 0
7 8 e 3
8 0 a 1
8 1 b 0
8 4 c 4
8 9 d 3
8 4 e 1
9 4 a 3
9 9 b 0
9 8 c 3
9 0 d 1
9 5 e 4
0 0 a 4
0 0 b 1
0 6 c 4
0 5 d 3
0 1 e 3
1 4 a 1
1 4 b 3
1 1 c 2
1 3 d 1
1 3 e 1
2 9 a 0
2 9 b 1
2 7 c 3
2 2 d 3
2 6 e 2
3 7 a 4
3 6 b 0
3 2 c 3
3 7 d 1
3 3 e 4
4 6 a 0
4 8 b 1
4 1 c 4
4 7 d 0
4 0 e 3
5 5 a 3
5 1 b 1
5 5 c 1
5 8 d 4
5 0 e 3
6 9 a 2
6 7 b 0
6 9 c 1
6 5 d 2
6 1 e 1
7 7 a 2
7 7 b 3
7 4 c 0
7 6 d 3
7 2 e 2
8 5 a 0
8 6 b 2
8 0 c 0
8 4 d 1
8 1 e 0
9 8 a 2
9 4 b 2
9 6 c 2
9 8 d 1
9 1 e 3
0 8 b 4
0 7 d 4
0 4 e 3
1 7 c 4
2 4 a 3
2 1 b 3
2 4 d 0
3 7 a 2
3 1 d 2
4 5 b 4
4 2 c 3
4 1 e 4
6 9 b 0
7 1 b 0
8 7 d 2
9 6 b 2
9 6 d 3
0 3 a 4
0 5 b 3
0 2 c 2
0 4 d 3
0 7 e 3
1 9 a 4
1 6 b 0
1 8 c 4
1 6 d 3
1 1 e 0
2 7 a 3
2 5 b 0
2 0 c 2
2 5 d 0
2 2 e 3
3 9 a 0
3 4 b 0
3 4 c 1
3 8 d 2
3 7 e 3
4 5 a 3
4 4 b 4
4 3 c 3
4 0 d 0
4 9 e 3
5 6 a 3
5 9 b 1
5 2 c 2
5 8 d 0
5 7 e 4
6 4 a 4
6 3 b 1
6 4 c 4
6 6 d 2
6 8 e 3
7 8 a 4
7 6 b 2
7 1 c 0
7 4 d 4
7 8 e 3
8 2 a 1
8 5 b 2
8 5 c 4
8 3 d 0
8 9 e 0
9 5 a 0
9 9 b 1
9 3 c 1
9 2 d 0
9 1 e 1
0 6 a 2
0 2 b 2
0 0 c 3
0 5 d 1
0 9 e 3
1 0 a 4
1 4 b 1
1 9 c 0
1 4 d 0
1 5 e 3
2 6 a 0
2 2 b 3
2 2 c 1
2 7 d 4
2 6 e 0
3 5 a 1
3 6 b 1
3 4 c 1
3 0 d 0
3 0 e 3
4 8 a 2
4 6 b 3
4 5 c 1
4 6 d 0
4 1 e 2
5 4 a 2
5 5 b 0
5 6 c 1
5 3 d 2
5 1 e 2
6 3 a 1
6 6 b 0
6 3 c 4
6 3 d 0
6 5 e 0
7 8 a 0
7 8 b 0
7 2 c 2
7 9 d 0
7 7 e 3
8 6 a 0
8 2 b 0
8 5 c 2
8 0 d 0
8 1 e 2
9 8 a 0
9 3 b 0
9 4 c 2
9 0 d 0
9 1 e 0
0 6 a 2
0 7 b 3
0 2 c 4
0 3 d 2
0 8 e 3
1 2 a 3
1 9 b 1
1 5 c 1
1 3 d 2
1 4 e 4
2 9 a 4
2 1 b 4
2 9 c 3
2 0 d 3
2 3 e 1
3 5 a 1
3 1 b 4
3 2 c 0
3 6 d 0
3 7 e 2
4 2 a 0
4 8 b 0
4 3 c 3
4 0 d 0
4 8 e 0
5 0 a 2
5 8 b 4
5 5 c 3
5 6 d 0
5 7 e 2
6 5 a 3
6 8 b 3
6 0 c 4
6 7 d 4
6 8 e 3
7 5 a 3
7 9 b 4
7 3 c 1
7 9 d 0
7 5 e 4
8 6 a 0
8 2 b 4
8 1 c 4
8 3 d 3
8 5 e 0
9 0 a 2
9 6 b 4
9 2 c 0
9 6 d 0
9 5 e 4
0 2 b 4
0 8 c 1
0 9 d 4
1 4 c 1
1 0 d 4
2 5 e 3
3 6 b 3
3 3 c 2
4 2 c 3
5 5 e 2
6 1 a 3
6 4 b 2
6 0 e 2
7 3 a 4
7 5 b 3
9 4 e 4
0 6 a 0
0 8 b 2
0 0 c 2
0 8 d 4
0 6 e 0
1 5 a 4
1 4 b 3
1 0 c 2
1 4 d 1
1 5 e 1
2 6 a 1
2 6 b 0
2 7 c 1
2 7 d 0
2 6 e 0
3 6 a 4
3 3 b 3
3 7 c 0
3 1 d 2
3 0 e 2
4 6 a 4
4 6 b 3
4 9 c 3
4 1 d 0
4 5 e 2
5 1 a 2
5 1 b 4
5 7 c 2
5 0 d 1
5 8 e 3
6 4 a 0
6 2 b 2
6 0 c 3
6 5 d 1
6 3 e 2
7 2 a 4
7 3 b 2
7 0 c 0
7 0 d 3
7 9 e 3
8 5 a 4
8 9 b 3
8 1 c 1
8 8 d 3
8 0 e 4
9 1 a 1
9 0 b 4
9 2 c 1
9 3 d 4
9 4 e 2
0 9 a 3
0 5 b 2
0 0 c 2
0 6 d 4
0 6 e 3
1 8 a 0
1 9 b 4
1 7 c 0
1 0 d 4
1 1 e 4
2 4 a 3
2 7 b 4
2 5 c 2
2 8 d 1
2 5 e 4
3 1 a 0
3 3 b 4
3 4 c 1
3 7 d 3
3 4 e 4
4 5 a 0
4 0 b 3
4 9 c 3
4 1 d 1
4 4 e 2
5 6 a 3
5 5 b 0
5 8 c 0
5 3 d 1
5 8 e 4
6 1 a 0
6 3 b 4
6 5 c 3
6 0 d 4
6 7 e 3
7 3 a 0
7 6 b 3
7 4 c 4
7 1 d 3
7 5 e 0
8 1 a 2
8 3 b 0
8 9 c 3
8 5 d 1
8 4 e 1
9 3 a 2
9 1 b 1
9 9 c 0
9 9 d 1
9 2 e 0
0 6 a 1
0 9 b 0
0 8 c 1
0 5 d 1
0 4 e 4
1 1 a 1
1 8 b 1
1 0 c 0
1 1 d 2
1 2 e 1
2 5 a 4
2 3 b 1
2 7 c 3
2 7 d 4
2 4 e 1
3 6 a 4
3 8 b 3
3 1 c 2
3 5 d 3
3 8 e 1
4 0 a 0
4 7 b 3
4 7 c 0
4 6 d 4
4 2 e 4
5 7 a 1
5 3 b 3
5 7 c 3
5 5 d 4
5 2 e 0
6 8 a 1
6 6 b 4
6 4 c 4
6 9 d 4
6 4 e 4
7 5 a 4
7 3 b 3
7 3 c 1
7 1 d 3
7 3 e 1
8 6 a 3
8 0 b 1
8 6 c 0
8 5 d 1
8 1 e 4
9 3 a 0
9 9 b 2
9 9 c 2
9 0 d 4
9 5 e 4
0 2 a 2
1 0 b 1
1 1 d 2
1 4 e 3
2 3 a 3
2 4 c 0
3 6 a 3
3 8 c 0
4 1 a 4
4 2 b 0
4 7 c 0
4 7 d 1
5 3 b 4
5 9 d 4
6 4 b 3
8 4 d 2
9 2 c 3
9 8 e 1
0 4 d 2
1 8 b 3
1 5 c 1
1 4 e 4
2 8 b 1
4 0 b 2
6 2 c 0
6 4 e 2
7 4 a 0
7 4 e 3
8 8 d 4
8 2 e 0
9 2 b 1
9 6 d 4
0 3 d 0
1 8 b 1
1 1 d 1
2 2 d 2
3 6 a 4
4 1 c 4
4 7 e 3
5 0 b 1
5 9 d 3
5 0 e 2
6 2 a 4
6 4 b 1
6 1 e 2
7 1 b 2
7 9 e 3
8 5 b 4
8 4 d 1
9 4 e 0
0 7 a 2
0 4 b 2
0 5 c 2
0 3 d 4
0 7 e 4
1 9 a 3
1 1 b 2
1 8 c 1
1 1 d 4
1 3 e 0
2 2 a 1
2 1 b 1
2 7 c 2
2 4 d 2
2 5 e 2
3 2 a 3
3 2 b 4
3 1 c 3
3 1 d 4
3 6 e 0
4 6 a 2
4 9 b 3
4 7 c 0
4 0 d 4
4 1 e 4
5 2 a 4
5 7 b 1
5 3 c 0
5 2 d 1
5 9 e 2
6 6 a 2
6 5 b 1
6 0 c 2
6 0 d 3
6 2 e 0
7 8 a 2
7 2 b 2
7 6 c 2
7 7 d 1
7 7 e 1
8 3 a 0
8 3 b 1
8 0 c 2
8 5 d 1
8 6 e 4
9 1 a 2
9 1 b 2
9 0 c 3
9 4 d 4
9 5 e 3
0 9 a 4
0 8 b 4
0 5 c 0
0 1 d 1
0 1 e 1
1 3 a 4
1 6 b 4
1 3 c 0
1 0 d 1
1 7 e 3
2 2 a 1
2 9 b 0
2 8 c 4
2 9 d 1
2 5 e 4
3 7 a 3
3 8 b 1
3 8 c 2
3 8 d 3
3 2 e 3
4 2 a 4
4 9 b 2
4 7 c 0
4 0 d 0
4 5 e 4
5 8 a 1
5 5 b 2
5 7 c 1
5 8 d 0
5 4 e 0
6 7 a 2
6 0 b 4
6 8 c 2
6 9 d 3
6 2 e 4
7 1 a 1
7 3 b 2
7 8 c 1
7 8 d 1
7 2 e 4
8 4 a 1
8 7 b 2
8 5 c 2
8 8 d 3
8 5 e 4
9 8 a 2
9 8 b 3
9 8 c 0
9 0 d 4
9 9 e 4
0 6 a 1
0 0 b 4
0 1 c 3
0 7 d 0
0 8 e 3
1 3 a 2
1 5 b 2
1 8 c 4
1 8 d 1
1 7 e 1
2 2 a 4
2 4 b 3
2 2 c 3
2 6 d 3
2 4 e 2
3 5 a 2
3 0 b 0
3 9 c 1
3 9 d 2
3 1 e 0
4 7 a 3
4 7 b 2
4 1 c 2
4 5 d 0
4 7 e 3
5 6 a 1
5 7 b 1
5 5 c 3
5 5 d 2
5 7 e 1
6 6 a 0
6 5 b 4
6 8 c 0
6 6 d 2
6 0 e 1
7 8 a 2
7 9 b 4
7 4 c 1
7 9 d 2
7 4 e 3
8 3 a 4
8 4 b 4
8 6 c 4
8 9 d 1
8 2 e 1
9 3 a 3
9 9 b 2
9 9 c 1
9 9 d 3
9 9 e 2
0 2 c 4
1 3 a 2
1 5 b 0
1 0 e 2
3 9 b 3
4 4 a 1
4 8 b 0
5 2 b 4
5 4 c 2
6 7 b 2
7 1 d 3
8 7 a 4
9 7 a 4
0 2 a 4
0 5 b 3
0 0 c 0
0 7 d 0
0 8 e 3
1 5 a 2
1 9 b 3
1 7 c 4
1 8 d 0
1 3 e 2
2 6 a 1
2 2 b 2
2 6 c 2
2 7 d 3
2 4 e 3
3 0 a 3
3 7 b 3
3 3 c 1
3 2 d 3
3 4 e 0
4 6 a 0
4 6 b 1
4 8 c 0
4 8 d 1
4 8 e 0
5 4 a 1
5 8 b 1
5 0 c 2
5 9 d 2
5 8 e 2
6 2 a 0
6 6 b 3
6 9 c 1
6 2 d 4
6 1 e 3
7 0 a 1
7 1 b 0
7 5 c 1
7 2 d 4
7 6 e 0
8 8 a 1
8 6 b 1
8 2 c 4
8 7 d 4
8 3 e 0
9 6 a 2
9 0 b 2
9 5 c 0
9 8 d 3
9 3 e 0
0 7 a 1
0 1 b 3
0 1 c 2
0 7 d 3
0 4 e 3
1 7 a 1
1 4 b 1
1 8 c 0
1 8 d 4
1 4 e 0
2 1 a 3
2 7 b 2
2 5 c 4
2 6 d 2
2 6 e 2
3 7 a 2
3 2 b 3
3 2 c 2
3 5 d 0
3 8 e 2
4 8 a 4
4 3 b 3
4 6 c 4
4 8 d 1
4 3 e 1
5 8 a 4
5 6 b 0
5 0 c 0
5 4 d 2
5 3 e 2
6 2 a 3
6 3 b 1
6 5 c 2
6 2 d 4
6 7 e 0
7 4 a 0
7 4 b 2
7 2 c 2
7 9 d 2
7 0 e 2
8 1 a 2
8 1 b 4
8 6 c 2
8 8 d 3
8 8 e 2
9 6 a 0
9 1 b 2
9 4 c 2
9 5 d 2
9 2 e 4
0 3 a 0
0 4 b 1
0 9 c 2
0 0 d 3
0 4 e 1
1 2 a 2
1 9 b 4
1 2 c 1
1 6 d 4
1 4 e 4
2 5 a 4
2 0 b 4
2 2 c 0
2 8 d 4
2 5 e 3
3 8 a 4
3 8 b 1
3 9 c 4
3 8 d 3
3 0 e 2
4 2 a 0
4 4 b 3
4 1 c 2
4 6 d 1
4 0 e 0
5 4 a 3
5 4 b 4
5 7 c 2
5 9 d 2
5 8 e 0
6 7 a 0
6 6 b 2
6 0 c 1
6 9 d 4
6 2 e 1
7 8 a 4
7 4 b 3
7 9 c 0
7 0 d 0
7 8 e 3
8 7 a 1
8 9 b 2
8 3 c 3
8 8 d 1
8 3 e 4
9 7 a 4
9 7 b 0
9 4 c 3
9 3 d 4
9 2 e 1
0 3 a 2
0 6 b 3
0 9 c 2
0 6 d 3
0 3 e 1
1 8 a 2
1 6 b 3
1 2 c 2
1 2 d 4
1 8 e 2
2 4 a 1
2 2 b 1
2 4 c 4
2 0 d 2
2 3 e 1
3 6 a 1
3 0 b 2
3 2 c 1
3 6 d 2
3 3 e 1
4 3 a 0
4 0 b 3
4 8 c 0
4 8 d 2
4 3 e 2
5 4 a 1
5 8 b 0
5 8 c 1
5 6 d 4
5 9 e 2
6 5 a 4
6 7 b 3
6 4 c 2
6 0 d 2
6 0 e 1
7 2 a 0
7 8 b 0
7 3 c 1
7 7 d 4
7 2 e 4
8 3 a 1
8 9 b 3
8 8 c 4
8 5 d 2
8 8 e 3
9 7 a 1
9 0 b 3
9 5 c 2
9 2 d 2
9 4 e 0
0 5 a 2
0 5 d 2
1 7 a 4
1 6 c 1
1 2 d 1
2 5 d 1
5 2 b 3
6 3 c 3
6 4 d 1
7 2 a 3
7 6 c 1
7 8 d 2
7 7 e 2
8 9 e 0
9 0 c 0
9 9 e 4
0 7 a 4
0 3 b 4
0 2 c 1
0 9 d 3
0 5 e 1
1 9 a 4
1 2 b 1
1 3 c 4
1 6 d 2
1 2 e 4
2 7 a 3
2 8 b 1
2 2 c 3
2 2 d 2
2 8 e 0
3 1 a 2
3 1 b 0
3 0 c 4
3 3 d 1
3 4 e 1
4 9 a 0
4 8 b 0
4 4 c 3
4 0 d 3
4 8 e 1
5 8 a 3
5 7 b 0
5 0 c 0
5 9 d 4
5 9 e 3
6 0 a 3
6 8 b 0
6 5 c 2
6 5 d 4
6 0 e 2
7 5 a 1
7 4 b 2
7 6 c 1
7 2 d 1
7 3 e 3
8 0 a 3
8 8 b 2
8 1 c 4
8 1 d 3
8 2 e 1
9 5 a 0
9 2 b 2
9 9 c 0
9 9 d 4
9 7 e 4
0 2 a 1
0 3 b 4
0 8 c 2
0 9 d 2
0 5 e 2
1 8 a 2
1 7 b 4
1 5 c 3
1 3 d 1
1 3 e 2
2 1 a 1
2 0 b 4
2 2 c 3
2 7 d 1
2 6 e 2
3 2 a 3
3 6 b 3
3 8 c 3
3 1 d 0
3 2 e 2
4 4 a 4
4 5 b 0
4 6 c 0
4 3 d 2
4 1 e 2
5 2 a 2
5 8 b 2
5 1 c 1
5 1 d 1
5 4 e 1
6 5 a 1
6 6 b 1
6 7 c 0
6 7 d 3
6 9 e 3
7 4 a 3
7 4 b 0
7 9 c 0
7 8 d 3
7 7 e 1
8 9 a 2
8 8 b 2
8 1 c 2
8 2 d 0
8 9 e 4
9 2 a 4
9 2 b 1
9 3 c 4
9 4 d 0
9 3 e 4
0 5 e 4
2 4 b 0
2 1 c 4
4 5 a 0
4 6 b 4
4 8 c 2
4 5 e 2
5 2 a 0
6 8 a 0
6 7 b 4
7 2 a 2
7 8 c 2
7 7 e 1
8 8 b 4
8 8 c 0
8 2 d 0
8 4 e 0
9 2 a 0
9 0 c 2
0 9 a 3
0 1 b 3
0 2 c 0
0 5 d 1
0 1 e 3
1 1 a 4
1 9 b 2
1 2 c 4
1 1 d 4
1 2 e 3
2 9 a 4
2 1 b 2
2 9 c 4
2 5 d 3
2 6 e 0
3 3 a 3
3 3 b 4
3 3 c 4
3 3 d 1
3 6 e 2
4 1 a 0
4 8 b 4
4 4 c 2
4 1 d 2
4 5 e 4
5 4 a 0
5 0 b 4
5 2 c 2
5 0 d 1
5 3 e 2
6 9 a 2
6 0 b 0
6 0 c 3
6 2 d 0
6 6 e 3
7 9 a 4
7 1 b 4
7 3 c 2
7 9 d 3
7 4 e 3
8 7 a 2
8 6 b 1
8 6 c 2
8 2 d 1
8 8 e 2
9 2 a 4
9 4 b 3
9 9 c 2
9 6 d 2
9 8 e 0
0 6 a 2
0 7 b 1
0 4 c 0
0 2 d 0
0 0 e 1
1 0 a 3
1 4 b 1
1 6 c 3
1 9 d 4
1 2 e 3
2 5 a 0
2 1 b 4
2 6 c 3
2 9 d 0
2 6 e 4
3 1 a 4
3 2 b 1
3 1 c 3
3 3 d 1
3 4 e 2
4 3 a 4
4 4 b 2
4 7 c 0
4 8 d 3
4 7 e 4
5 2 a 3
5 8 b 4
5 3 c 2
5 8 d 1
5 4 e 4
6 7 a 4
6 8 b 4
6 2 c 1
6 1 d 0
6 1 e 0
7 5 a 1
7 0 b 2
7 0 c 3
7 7 d 0
7 9 e 1
8 0 a 2
8 7 b 4
8 4 c 4
8 6 d 4
8 0 e 2
9 6 a 4
9 1 b 1
9 7 c 3
9 9 d 2
9 7 e 1
0 9 a 2
0 6 b 3
0 5 c 2
0 3 d 2
0 5 e 2
1 6 a 1
1 3 b 2
1 5 c 0
1 8 d 0
1 9 e 0
2 1 a 4
2 7 b 4
2 7 c 3
2 7 d 3
2 3 e 3
3 7 a 1
3 9 b 1
3 2 c 1
3 9 d 3
3 4 e 3
4 5 a 4
4 3 b 3
4 5 c 3
4 4 d 3
4 2 e 2
5 0 a 2
5 9 b 0
5 1 c 1
5 5 d 3
5 7 e 1
6 1 a 1
6 0 b 2
6 8 c 3
6 3 d 1
6 4 e 2
7 8 a 0
7 2 b 3
7 7 c 2
7 3 d 2
7 6 e 4
8 6 a 4
8 1 b 4
8 8 c 1
8 1 d 0
8 9 e 4
9 2 a 4
9 4 b 2
9 9 c 4
9 0 d 1
9 8 e 4
0 0 a 1
0 5 b 1
0 5 c 4
0 9 d 0
0 6 e 1
1 3 a 0
1 6 b 0
1 2 c 3
1 5 d 2
1 5 e 0
2 1 a 3
2 8 b 3
2 2 c 2
2 4 d 0
2 8 e 2
3 8 a 0
3 3 b 3
3 1 c 4
3 2 d 3
3 9 e 2
4 1 a 0
4 8 b 4
4 8 c 0
4 9 d 4
4 4 e 2
5 3 a 4
5 2 b 0
5 6 c 3
5 2 d 3
5 8 e 4
6 3 a 0
6 7 b 1
6 6 c 3
6 4 d 2
6 1 e 2
7 7 a 1
7 2 b 2
7 4 c 2
7 5 d 3
7 8 e 3
8 3 a 0
8 4 b 1
8 7 c 2
8 2 d 1
8 3 e 1
9 8 a 3
9 9 b 4
9 8 c 4
9 2 d 0
9 6 e 2
0 9 a 3
0 2 b 3
0 8 c 0
0 8 d 4
0 0 e 2
1 4 a 1
1 3 b 4
1 6 c 3
1 8 d 3
1 2 e 1
2 0 a 3
2 0 b 4
2 7 c 0
2 1 d 1
2 0 e 2
3 8 a 1
3 8 b 4
3 0 c 4
3 3 d 1
3 5 e 2
4 1 a 1
4 0 b 0
4 1 c 1
4 4 d 4
4 1 e 1
5 9 a 2
5 8 b 3
5 4 c 1
5 6 d 0
5 6 e 1
6 2 a 4
6 2 b 0
6 7 c 1
6 6 d 3
6 1 e 4
7 5 a 4
7 4 b 3
7 4 c 4
7 3 d 4
7 4 e 2
8 7 a 4
8 8 b 2
8 6 c 1
8 1 d 0
8 5 e 4
9 3 a 1
9 3 b 2
9 9 c 1
9 3 d 3
9 4 e 0
0 1 b 1
2 6 b 3
2 6 e 3
3 8 a 1
3 8 b 2
4 4 d 0
5 3 b 4
5 7 c 4
5 1 e 1
6 5 b 3
6 7 d 3
7 9 d 2
7 4 e 2
8 0 c 1
9 1 b 1
9 2 c 2
0 0 a 0
0 3 e 0
1 9 b 2
2 6 b 0
2 7 d 4
2 9 e 4
4 0 b 0
4 2 c 3
5 8 e 0
6 6 b 4
7 5 c 0
7 5 d 0
9 4 b 0
9 9 e 3
0 5 a 4
0 4 e 2
1 1 d 1
2 4 a 1
2 9 c 0
3 0 d 4
4 9 a 3
4 3 e 3
5 6 d 2
6 9 b 2
6 7 e 0
7 3 b 3
7 6 d 0
8 0 a 3
8 0 b 2
9 7 a 4
9 9 b 1
9 7 c 2
0 6 a 0
0 4 b 3
0 2 c 1
0 6 d 0
0 2 e 0
1 5 a 2
1 9 b 3
1 3 c 3
1 5 d 0
1 2 e 4
2 8 a 0
2 0 b 1
2 8 c 0
2 8 d 0
2 7 e 1
3 1 a 4
3 4 b 1
3 0 c 2
3 3 d 2
3 4 e 2
4 9 a 3
4 5 b 4
4 0 c 2
4 0 d 1
4 2 e 0
5 5 a 0
5 6 b 1
5 9 c 3
5 3 d 1
5 4 e 3
6 8 a 1
6 0 b 2
6 7 c 3
6 6 d 2
6 8 e 0
7 7 a 3
7 0 b 1
7 9 c 1
7 2 d 0
7 1 e 1
8 9 a 0
8 4 b 3
8 4 c 0
8 4 d 3
8 5 e 2
9 9 a 3
9 6 b 4
9 9 c 3
9 6 d 3
9 1 e 3
0 9 a 4
0 0 b 0
0 6 c 4
0 6 d 0
0 6 e 0
1 3 a 4
1 9 b 0
1 4 c 1
1 8 d 0
1 6 e 1
2 2 a 2
2 4 b 1
2 4 c 0
2 7 d 0
2 4 e 1
3 1 a 1
3 9 b 3
3 6 c 0
3 8 d 1
3 4 e 0
4 9 a 2
4 4 b 0
4 6 c 4
4 6 d 4
4 2 e 0
5 7 a 4
5 9 b 1
5 9 c 1
5 4 d 2
5 2 e 4
6 4 a 1
6 4 b 0
6 3 c 0
6 2 d 2
6 4 e 0
7 0 a 1
7 4 b 0
7 0 c 1
7 7 d 3
7 2 e 4
8 9 a 1
8 8 b 4
8 4 c 4
8 7 d 3
8 9 e 1
9 2 a 3
9 5 b 3
9 9 c 1
9 3 d 2
9 9 e 2
0 8 a 4
0 8 b 4
0 0 c 3
0 7 d 1
0 0 e 1
1 6 a 4
1 5 b 4
1 3 c 2
1 9 d 4
1 5 e 2
2 5 a 0
2 0 b 0
2 1 c 2
2 7 d 1
2 6 e 0
3 9 a 1
3 1 b 2
3 4 c 1
3 0 d 4
3 5 e 3
4 2 a 4
4 4 b 0
4 3 c 3
4 4 d 4
4 0 e 0
5 2 a 2
5 0 b 0
5 9 c 0
5 9 d 3
5 2 e 1
6 3 a 0
6 7 b 3
6 2 c 4
6 1 d 2
6 1 e 4
7 2 a 0
7 8 b 2
7 1 c 3
7 0 d 1
7 1 e 4
8 9 a 3
8 6 b 0
8 4 c 2
8 0 d 3
8 3 e 2
9 3 a 4
9 4 b 2
9 1 c 3
9 5 d 4
9 0 e 4
0 5 a 1
0 7 b 2
0 5 c 1
0 8 d 2
0 8 e 4
1 5 a 4
1 3 b 2
1 8 c 0
1 1 d 2
1 5 e 3
2 6 a 3
2 3 b 1
2 5 c 3
2 1 d 0
2 0 e 3
3 7 a 1
3 7 b 3
3 0 c 1
3 3 d 2
3 5 e 0
4 4 a 2
4 5 b 0
4 3 c 2
4 5 d 2
4 3 e 0
5 4 a 3
5 2 b 0
5 4 c 4
5 7 d 1
5 3 e 0
6 0 a 1
6 4 b 1
6 4 c 2
6 4 d 2
6 4 e 0
7 1 a 2
7 8 b 1
7 6 c 4
7 0 d 0
7 6 e 3
8 0 a 0
8 8 b 4
8 1 c 0
8 9 d 2
8 8 e 3
9 7 a 4
9 4 b 1
9 1 c 2
9 1 d 1
9 1 e 2
0 3 a 4
0 5 b 4
0 1 c 1
0 6 d 1
0 9 e 2
1 3 a 3
1 3 b 1
1 6 c 4
1 8 d 4
1 4 e 3
2 4 a 2
2 7 b 3
2 8 c 3
2 2 d 2
2 3 e 3
3 8 a 1
3 1 b 3
3 3 c 3
3 1 d 1
3 5 e 2
4 8 a 0
4 4 b 4
4 4 c 2
4 7 d 1
4 2 e 3
5 5 a 3
5 9 b 4
5 6 c 3
5 3 d 0
5 5 e 0
6 0 a 4
6 2 b 3
6 0 c 0
6 3 d 3
6 5 e 0
7 7 a 2
7 5 b 3
7 8 c 2
7 6 d 0
7 0 e 1
8 3 a 4
8 2 b 4
8 1 c 2
8 4 d 0
8 2 e 2
9 4 a 1
9 1 b 2
9 9 c 4
9 3 d 2
9 1 e 1
0 4 b 3
1 1 c 2
2 7 a 1
2 1 e 2
3 8 a 3
4 6 a 2
4 0 b 3
4 7 c 4
4 1 d 4
5 5 a 2
5 3 b 3
5 2 d 0
5 2 e 4
6 2 d 2
7 3 b 0
9 2 b 3
0 2 a 1
0 5 b 1
0 5 c 4
0 1 d 1
0 3 e 4
1 4 a 0
1 9 b 0
1 2 c 2
1 0 d 1
1 3 e 4
2 1 a 3
2 1 b 1
2 8 c 2
2 3 d 3
2 9 e 0
3 0 a 1
3 9 b 3
3 3 c 4
3 0 d 4
3 0 e 3
4 8 a 4
4 2 b 3
4 1 c 1
4 5 d 3
4 7 e 3
5 5 a 2
5 9 b 1
5 9 c 3
5 2 d 3
5 8 e 1
6 6 a 3
6 1 b 3
6 5 c 4
6 9 d 0
6 5 e 4
7 2 a 4
7 4 b 0
7 1 c 3
7 7 d 1
7 6 e 1
8 8 a 0
8 2 b 0
8 4 c 2
8 2 d 0
8 9 e 3
9 0 a 2
9 8 b 4
9 9 c 3
9 8 d 0
9 5 e 2
0 7 a 3
0 0 b 3
0 7 c 2
0 1 d 4
0 0 e 3
1 9 a 0
1 0 b 4
1 0 c 1
1 3 d 3
1 0 e 0
2 9 a 3
2 8 b 3
2 4 c 2
2 1 d 0
2 7 e 0
3 4 a 1
3 6 b 2
3 7 c 4
3 9 d 2
3 0 e 2
4 3 a 1
4 4 b 4
4 7 c 4
4 7 d 0
4 6 e 1
5 4 a 3
5 8 b 3
5 4 c 1
5 0 d 2
5 3 e 4
6 5 a 3
6 6 b 1
6 1 c 3
6 2 d 4
6 8 e 0
7 8 a 1
7 8 b 1
7 4 c 2
7 7 d 1
7 3 e 3
8 7 a 0
8 5 b 2
8 9 c 2
8 8 d 3
8 3 e 1
9 4 a 4
9 5 b 0
9 3 c 3
9 4 d 4
9 6 e 0
0 9 a 1
0 0 b 3
0 3 c 4
0 0 d 4
0 1 e 0
1 9 a 2
1 7 b 0
1 2 c 2
1 8 d 4
1 1 e 2
2 3 a 3
2 5 b 1
2 1 c 3
2 6 d 1
2 0 e 0
3 6 a 2
3 8 b 2
3 6 c 3
3 5 d 3
3 9 e 3
4 0 a 1
4 8 b 0
4 3 c 4
4 0 d 3
4 9 e 1
5 2 a 4
5 1 b 4
5 6 c 4
5 0 d 2
5 0 e 4
6 5 a 4
6 8 b 0
6 1 c 0
6 1 d 3
6 4 e 1
7 8 a 3
7 8 b 0
7 5 c 3
7 5 d 1
7 3 e 3
8 6 a 4
8 3 b 3
8 6 c 2
8 4 d 0
8 5 e 0
9 6 a 2
9 4 b 4
9 8 c 3
9 6 d 1
9 3 e 3
0 6 a 3
0 9 b 3
0 6 c 4
0 9 d 2
0 9 e 0
1 2 a 4
1 1 b 0
1 5 c 4
1 2 d 2
1 3 e 4
2 0 a 3
2 0 b 1
2 2 c 1
2 1 d 1
2 1 e 2
3 2 a 1
3 1 b 2
3 0 c 4
3 5 d 1
3 4 e 3
4 6 a 2
4 4 b 1
4 6 c 0
4 2 d 1
4 9 e 4
5 7 a 2
5 8 b 3
5 5 c 4
5 6 d 2
5 6 e 1
6 8 a 1
6 2 b 4
6 1 c 2
6 1 d 3
6 0 e 4
7 5 a 0
7 0 b 0
7 8 c 1
7 7 d 1
7 5 e 4
8 4 a 1
8 7 b 1
8 2 c 3
8 7 d 1
8 9 e 3
9 0 a 4
9 2 b 4
9 2 c 0
9 9 d 0
9 7 e 3
0 3 a 2
0 6 b 0
0 8 c 0
0 4 d 1
0 9 e 4
1 8 a 4
1 3 b 4
1 4 c 4
1 1 d 0
1 9 e 2
2 7 a 4
2 8 b 1
2 7 c 1
2 0 d 1
2 0 e 3
3 5 a 2
3 7 b 3
3 3 c 2
3 7 d 4
3 5 e 0
4 9 a 2
4 2 b 0
4 1 c 2
4 4 d 3
4 0 e 1
5 5 a 3
5 9 b 4
5 8 c 1
5 2 d 1
5 6 e 2
6 4 a 0
6 4 b 1
6 1 c 0
6 3 d 2
6 5 e 2
7 0 a 1
7 4 b 0
7 7 c 1
7 8 d 0
7 5 e 3
8 7 a 4
8 8 b 1
8 8 c 2
8 5 d 0
8 3 e 4
9 4 a 3
9 0 b 1
9 9 c 1
9 5 d 4
9 3 e 4
0 4 a 3
0 7 b 4
0 9 c 2
0 0 d 3
0 4 e 3
1 0 a 1
1 9 b 2
1 3 c 0
1 2 d 4
1 5 e 1
2 8 a 0
2 0 b 2
2 3 c 2
2 4 d 4
2 7 e 1
3 9 a 3
3 6 b 4
3 2 c 1
3 5 d 4
3 1 e 3
4 6 a 1
4 0 b 4
4 0 c 4
4 6 d 1
4 5 e 3
5 9 a 2
5 7 b 1
5 2 c 1
5 5 d 1
5 3 e 2
6 8 a 2
6 1 b 4
6 3 c 2
6 6 d 4
6 2 e 3
7 5 a 3
7 7 b 4
7 6 c 0
7 9 d 2
7 1 e 1
8 1 a 1
8 4 b 0
8 5 c 0
8 8 d 2
8 1 e 4
9 2 a 2
9 7 b 4
9 9 c 2
9 0 d 2
9 2 e 1
0 1 a 0
0 6 b 2
0 9 c 0
0 2 d 4
0 7 e 2
1 8 a 1
1 4 b 2
1 6 c 1
1 9 d 3
1 2 e 2
2 0 a 1
2 8 b 0
2 8 c 3
2 6 d 3
2 5 e 1
3 1 a 3
3 3 b 1
3 3 c 0
3 6 d 0
3 3 e 3
4 5 a 3
4 5 b 1
4 0 c 3
4 2 d 2
4 2 e 4
5 4 a 0
5 7 b 1
5 8 c 4
5 0 d 1
5 7 e 2
6 5 a 1
6 4 b 0
6 0 c 2
6 4 d 4
6 2 e 3
7 9 a 4
7 3 b 1
7 8 c 0
7 7 d 2
7 1 e 3
8 8 a 1
8 8 b 3
8 1 c 4
8 5 d 3
8 5 e 0
9 0 a 4
9 5 b 3
9 8 c 0
9 2 d 2
9 9 e 3
0 4 a 2
0 6 b 2
0 6 c 3
0 4 d 0
0 6 e 0
1 4 a 3
1 7 b 1
1 8 c 3
1 8 d 0
1 4 e 1
2 5 a 3
2 4 b 4
2 2 c 1
2 4 d 4
2 0 e 2
3 0 a 3
3 8 b 4
3 8 c 2
3 0 d 0
3 4 e 1
4 1 a 1
4 4 b 2
4 5 c 0
4 8 d 0
4 3 e 0
5 9 a 4
5 0 b 2
5 5 c 1
5 1 d 3
5 5 e 3
6 5 a 1
6 6 b 3
6 9 c 2
6 9 d 2
6 7 e 2
7 8 a 3
7 6 b 3
7 0 c 1
7 5 d 1
7 0 e 2
8 2 a 3
8 2 b 3
8 8 c 2
8 2 d 3
8 7 e 0
9 8 a 3
9 0 b 3
9 3 c 1
9 4 d 4
9 5 e 2
0 9 a 3
0 0 b 1
0 4 c 2
0 4 d 4
0 7 e 1
1 1 a 2
1 2 b 1
1 5 c 0
1 5 d 1
1 1 e 3
2 4 a 0
2 5 b 1
2 7 c 0
2 5 d 1
2 0 e 3
3 2 a 3
3 9 b 2
3 7 c 1
3 5 d 2
3 2 e 4
4 1 a 4
4 5 b 0
4 5 c 3
4 4 d 0
4 5 e 3
5 3 a 4
5 7 b 0
5 4 c 2
5 5 d 0
5 0 e 1
6 6 a 2
6 2 b 3
6 7 c 4
6 1 d 2
6 9 e 4
7 6 a 1
7 4 b 4
7 3 c 1
7 2 d 0
7 0 e 0
8 5 a 1
8 3 b 1
8 8 c 0
8 4 d 1
8 4 e 4
9 3 a 2
9 6 b 0
9 8 c 3
9 1 d 0
9 5 e 3
0 8 a 2
0 0 b 3
0 2 c 0
0 4 d 1
0 4 e 3
1 2 a 1
1 6 b 0
1 7 c 4
1 9 d 1
1 8 e 4
2 2 a 0
2 5 b 3
2 5 c 3
2 7 d 2
2 3 e 1
3 0 a 2
3 6 b 4
3 8 c 3
3 7 d 0
3 0 e 4
4 3 a 0
4 8 b 1
4 5 c 0
4 0 d 3
4 3 e 3
5 9 a 1
5 3 b 4
5 8 c 3
5 4 d 1
5 8 e 0
6 5 a 4
6 7 b 0
6 0 c 1
6 0 d 4
6 6 e 0
7 7 a 3
7 9 b 4
7 9 c 2
7 2 d 0
7 8 e 0
8 2 a 2
8 8 b 4
8 8 c 1
8 1 d 3
8 9 e 3
9 4 a 0
9 1 b 3
9 7 c 1
9 7 d 0
9 5 e 4
0 2 a 3
0 5 b 2
0 5 c 4
0 5 d 4
0 8 e 4
1 9 a 0
1 0 b 1
1 8 c 1
1 1 d 2
1 0 e 4
2 4 a 2
2 4 b 0
2 9 c 1
2 4 d 0
2 5 e 4
3 9 a 0
3 7 b 3
3 0 c 4
3 0 d 0
3 7 e 0
4 7 a 4
4 5 b 3
4 7 c 2
4 0 d 1
4 3 e 3
5 7 a 3
5 4 b 3
5 9 c 0
5 7 d 1
5 2 e 2
6 0 a 0
6 2 b 4
6 3 c 3
6 9 d 4
6 3 e 2
7 3 a 4
7 9 b 2
7 1 c 0
7 8 d 2
7 1 e 4
8 0 a 4
8 9 b 3
8 2 c 3
8 2 d 2
8 0 e 2
9 4 a 1
9 2 b 3
9 9 c 0
9 3 d 4
9 8 e 4
0 0 a 4
0 6 b 3
0 7 c 1
0 6 d 0
0 4 e 2
1 4 a 1
1 9 b 1
1 4 c 1
1 9 d 1
1 5 e 1
2 1 a 2
2 8 b 4
2 7 c 1
2 3 d 4
2 9 e 1
3 6 a 1
3 6 b 2
3 8 c 1
3 8 d 4
3 4 e 4
4 4 a 1
4 3 b 3
4 8 c 0
4 0 d 3
4 5 e 1
5 6 a 0
5 4 b 4
5 8 c 0
5 5 d 4
5 2 e 0
6 0 a 2
6 9 b 2
6 3 c 2
6 5 d 2
6 4 e 0
7 4 a 0
7 4 b 4
7 5 c 4
7 9 d 4
7 8 e 4
8 4 a 0
8 6 b 2
8 2 c 0
8 2 d 0
8 2 e 2
9 5 a 0
9 2 b 1
9 4 c 4
9 0 d 3
9 9 e 3
0 8 a 2
0 5 b 3
0 6 c 4
0 7 d 1
0 4 e 1
1 7 a 0
1 0 b 3
1 7 c 2
1 0 d 0
1 6 e 1
2 9 a 2
2 9 b 3
2 9 c 1
2 2 d 2
2 9 e 2
3 5 a 0
3 7 b 4
3 1 c 2
3 9 d 3
3 0 e 0
4 4 a 4
4 9 b 1
4 1 c 1
4 5 d 1
4 8 e 1
5 0 a 2
5 1 b 1
5 9 c 0
5 1 d 2
5 9 e 4
6 4 a 1
6 6 b 4
6 5 c 1
6 4 d 1
6 8 e 3
7 2 a 0
7 3 b 3
7 2 c 2
7 5 d 4
7 3 e 0
8 8 a 1
8 2 b 2
8 8 c 4
8 5 d 3
8 8 e 1
9 8 a 2
9 5 b 0
9 8 c 0
9 9 d 4
9 4 e 2
0 3 a 4
0 1 b 0
0 5 c 2
0 8 d 2
0 4 e 0
1 8 a 0
1 4 b 1
1 3 c 3
1 4 d 1
1 6 e 0
2 0 a 3
2 0 b 3
2 7 c 2
2 4 d 1
2 8 e 1
3 0 a 4
3 1 b 0
3 9 c 0
3 9 d 3
3 8 e 0
4 0 a 3
4 4 b 4
4 2 c 3
4 1 d 3
4 2 e 2
5 1 a 4
5 1 b 0
5 2 c 3
5 9 d 3
5 4 e 1
6 2 a 4
6 8 b 0
6 7 c 4
6 8 d 1
6 5 e 3
7 4 a 2
7 2 b 1
7 2 c 4
7 3 d 2
7 8 e 1
8 8 a 2
8 5 b 0
8 4 c 4
8 5 d 4
8 2 e 4
9 7 a 4
9 6 b 1
9 7 c 2
9 2 d 1
9 4 e 0
0 1 d 2
0 1 e 1
1 9 a 1
1 8 d 1
2 5 d 3
3 4 e 4
4 6 c 0
5 7 c 0
5 1 e 2
6 3 a 3
6 1 d 4
7 2 c 2
7 5 d 1
8 0 a 3
8 2 e 2
9 6 a 3
9 0 e 1
0 9 a 1
0 0 b 1
0 9 c 0
0 3 d 1
0 7 e 4
1 2 a 0
1 2 b 0
1 4 c 3
1 1 d 3
1 4 e 2
2 6 a 2
2 1 b 2
2 0 c 0
2 5 d 0
2 0 e 2
3 0 a 0
3 4 b 0
3 8 c 4
3 4 d 2
3 5 e 0
4 5 a 3
4 8 b 3
4 9 c 2
4 7 d 1
4 6 e 4
5 7 a 0
5 8 b 4
5 3 c 1
5 5 d 2
5 2 e 4
6 5 a 0
6 1 b 3
6 1 c 3
6 8 d 0
6 4 e 0
7 7 a 0
7 1 b 2
7 6 c 3
7 0 d 2
7 1 e 1
8 4 a 3
8 1 b 1
8 3 c 2
8 5 d 0
8 2 e 2
9 0 a 3
9 4 b 3
9 8 c 1
9 8 d 3
9 2 e 0
0 0 e 3
1 0 b 3
1 2 c 4
2 5 a 4
3 4 c 1
5 3 b 1
6 8 e 1
7 8 a 0
9 5 c 0
9 1 e 3
0 3 a 3
0 1 b 2
0 3 c 0
0 8 d 0
0 8 e 4
1 3 a 0
1 6 b 0
1 8 c 0
1 9 d 4
1 1 e 3
2 5 a 1
2 4 b 1
2 1 c 2
2 7 d 3
2 9 e 3
3 4 a 2
3 8 b 3
3 6 c 3
3 7 d 1
3 0 e 1
4 4 a 3
4 0 b 0
4 7 c 2
4 5 d 3
4 1 e 1
5 8 a 0
5 6 b 2
5 4 c 3
5 7 d 4
5 7 e 2
6 8 a 0
6 3 b 1
6 3 c 4
6 0 d 3
6 3 e 0
7 6 a 3
7 4 b 4
7 8 c 2
7 9 d 1
7 0 e 1
8 3 a 0
8 1 b 3
8 5 c 3
8 6 d 1
8 6 e 2
9 4 a 2
9 7 b 0
9 9 c 2
9 5 d 0
9 7 e 3
0 5 a 2
0 8 b 4
0 0 c 2
0 3 d 2
0 9 e 4
1 2 a 0
1 8 b 0
1 2 c 3
1 7 d 2
1 6 e 3
2 9 a 1
2 8 b 2
2 4 c 4
2 0 d 2
2 8 e 3
3 4 a 2
3 9 b 1
3 2 c 2
3 5 d 3
3 6 e 4
4 7 a 3
4 3 b 3
4 2 c 1
4 7 d 3
4 0 e 2
5 7 a 3
5 7 b 1
5 3 c 2
5 6 d 4
5 9 e 1
6 1 a 2
6 9 b 2
6 7 c 1
6 4 d 0
6 5 e 0
7 8 a 4
7 3 b 0
7 5 c 2
7 3 d 2
7 4 e 0
8 3 a 2
8 8 b 3
8 8 c 1
8 2 d 1
8 2 e 0
9 6 a 4
9 4 b 2
9 3 c 2
9 7 d 1
9 3 e 2
0 8 a 1
0 4 b 0
0 6 c 1
0 2 d 1
0 1 e 4
1 7 a 1
1 4 b 1
1 9 c 4
1 9 d 1
1 9 e 0
2 3 a 2
2 5 b 1
2 2 c 0
2 7 d 4
2 0 e 1
3 8 a 2
3 0 b 4
3 5 c 2
3 2 d 0
3 7 e 0
4 4 a 3
4 7 b 2
4 6 c 3
4 8 d 1
4 7 e 3
5 8 a 3
5 6 b 2
5 9 c 0
5 3 d 4
5 9 e 3
6 9 a 4
6 6 b 2
6 5 c 0
6 2 d 4
6 7 e 4
7 1 a 2
7 5 b 1
7 3 c 3
7 1 d 0
7 7 e 2
8 5 a 1
8 4 b 3
8 8 c 0
8 3 d 1
8 0 e 3
9 7 a 0
9 3 b 1
9 9 c 0
9 8 d 0
9 3 e 1
0 7 d 2
0 2 e 3
1 3 d 4
2 6 a 3
2 3 d 0
3 5 b 1
4 9 c 2
5 5 d 3
6 3 c 1
6 4 e 4
7 7 c 4
7 6 e 4
8 3 b 0
8 7 d 2
9 3 e 0
0 5 e 2
1 0 a 3
1 1 b 3
1 8 e 2
2 7 b 3
2 8 d 4
3 3 a 4
3 5 c 4
5 3 a 1
5 4 b 0
6 4 b 1
6 5 e 1
7 2 c 4
7 7 d 3
8 4 a 0
8 8 d 2
9 9 d 2
9 6 e 4
0 7 a 2
0 9 b 3
0 5 c 0
0 8 d 1
0 6 e 3
1 8 a 4
1 0 b 4
1 5 c 1
1 4 d 3
1 5 e 4
2 5 a 3
2 1 b 2
2 9 c 1
2 3 d 2
2 0 e 3
3 3 a 0
3 4 b 2
3 4 c 3
3 9 d 2
3 3 e 4
4 3 a 1
4 6 b 1
4 0 c 0
4 6 d 0
4 7 e 3
5 7 a 3
5 1 b 2
5 9 c 0
5 1 d 3
5 0 e 0
6 0 a 3
6 1 b 3
6 2 c 0
6 0 d 4
6 4 e 2
7 1 a 3
7 8 b 1
7 1 c 3
7 1 d 0
7 7 e 4
8 7 a 1
8 4 b 1
8 0 c 0
8 6 d 1
8 1 e 0
9 3 a 1
9 6 b 1
9 4 c 2
9 9 d 1
9 5 e 2
0 5 a 1
0 7 b 0
0 5 c 3
0 5 d 0
0 1 e 1
1 6 a 0
1 3 b 0
1 1 c 1
1 2 d 1
1 9 e 1
2 4 a 1
2 5 b 0
2 0 c 3
2 5 d 0
2 2 e 4
3 5 a 0
3 3 b 2
3 9 c 0
3 5 d 0
3 1 e 3
4 3 a 1
4 7 b 2
4 1 c 2
4 3 d 2
4 3 e 0
5 3 a 2
5 9 b 3
5 0 c 2
5 7 d 1
5 4 e 3
6 2 a 2
6 7 b 4
6 7 c 2
6 4 d 2
6 1 e 4
7 5 a 0
7 7 b 0
7 4 c 4
7 5 d 1
7 6 e 3
8 5 a 1
8 4 b 1
8 4 c 1
8 5 d 2
8 6 e 0
9 7 a 0
9 0 b 1
9 9 c 3
9 9 d 4
9 4 e 1
0 0 a 3
0 8 b 0
0 5 c 0
0 9 d 4
0 8 e 3
1 8 a 2
1 0 b 0
1 0 c 4
1 8 d 3
1 2 e 3
2 9 a 1
2 5 b 1
2 2 c 2
2 7 d 3
2 2 e 4
3 0 a 3
3 9 b 2
3 9 c 1
3 0 d 1
3 8 e 1
4 6 a 1
4 8 b 0
4 2 c 2
4 4 d 3
4 5 e 1
5 7 a 0
5 3 b 2
5 7 c 2
5 1 d 1
5 9 e 3
6 7 a 0
6 0 b 4
6 6 c 2
6 7 d 4
6 3 e 1
7 8 a 2
7 1 b 1
7 8 c 3
7 5 d 1
7 0 e 0
8 5 a 4
8 3 b 0
8 3 c 3
8 1 d 1
8 4 e 3
9 2 a 1
9 9 b 3
9 2 c 4
9 8 d 3
9 0 e 1
0 7 a 3
0 1 b 0
0 5 c 0
0 8 d 0
0 7 e 3
1 4 a 4
1 8 b 2
1 8 c 4
1 5 d 1
1 2 e 4
2 5 a 0
2 0 b 4
2 2 c 0
2 7 d 1
2 1 e 3
3 2 a 1
3 4 b 3
3 6 c 0
3 9 d 3
3 3 e 0
4 1 a 0
4 4 b 1
4 5 c 4
4 1 d 3
4 9 e 4
5 7 a 4
5 9 b 0
5 2 c 1
5 5 d 4
5 5 e 3
6 4 a 3
6 3 b 4
6 7 c 3
6 8 d 2
6 7 e 4
7 5 a 1
7 3 b 3
7 3 c 2
7 2 d 0
7 5 e 4
8 5 a 4
8 6 b 0
8 3 c 1
8 6 d 4
8 0 e 2
9 5 a 4
9 8 b 1
9 6 c 4
9 5 d 2
9 4 e 1
0 8 a 0
0 8 b 4
0 6 c 0
0 0 d 1
0 6 e 0
1 8 a 0
1 8 b 4
1 9 c 0
1 4 d 2
1 1 e 3
2 4 a 3
2 0 b 2
2 6 c 0
2 0 d 3
2 8 e 3
3 3 a 3
3 3 b 0
3 1 c 3
3 7 d 2
3 8 e 4
4 5 a 3
4 2 b 2
4 4 c 3
4 8 d 2
4 9 e 2
5 4 a 0
5 9 b 2
5 4 c 1
5 8 d 2
5 8 e 4
6 2 a 3
6 4 b 3
6 9 c 4
6 9 d 0
6 3 e 3
7 9 a 1
7 4 b 0
7 5 c 0
7 8 d 3
7 5 e 1
8 6 a 2
8 0 b 1
8 4 c 3
8 5 d 3
8 2 e 3
9 2 a 0
9 3 b 1
9 8 c 2
9 4 d 1
9 4 e 1
0 7 a 1
0 1 b 4
0 9 c 4
0 4 d 2
0 4 e 0
1 6 a 2
1 9 b 1
1 6 c 4
1 1 d 0
1 1 e 4
2 6 a 0
2 8 b 4
2 2 c 1
2 0 d 1
2 2 e 1
3 4 a 4
3 8 b 0
3 3 c 2
3 1 d 2
3 2 e 0
4 1 a 0
4 7 b 2
4 6 c 2
4 5 d 2
4 5 e 2
5 3 a 4
5 0 b 0
5 3 c 1
5 8 d 3
5 5 e 0
6 9 a 0
6 9 b 0
6 9 c 3
6 4 d 3
6 3 e 3
7 3 a 3
7 9 b 0
7 6 c 4
7 0 d 1
7 2 e 1
8 2 a 1
8 4 b 0
8 2 c 3
8 3 d 2
8 4 e 0
9 9 a 4
9 1 b 4
9 3 c 0
9 0 d 0
9 2 e 1
0 9 a 4
0 1 b 2
0 3 c 4
0 4 d 1
0 1 e 4
1 9 a 1
1 2 b 2
1 5 c 1
1 0 d 4
1 4 e 2
2 9 a 0
2 1 b 4
2 3 c 1
2 9 d 1
2 4 e 4
3 8 a 2
3 8 b 2
3 9 c 0
3 2 d 2
3 7 e 2
4 7 a 4
4 8 b 0
4 3 c 0
4 7 d 1
4 1 e 4
5 3 a 2
5 2 b 3
5 5 c 4
5 6 d 2
5 8 e 2
6 9 a 2
6 0 b 2
6 4 c 4
6 3 d 3
6 9 e 2
7 3 a 0
7 5 b 1
7 3 c 3
7 8 d 4
7 4 e 3
8 5 a 1
8 4 b 0
8 6 c 3
8 0 d 3
8 6 e 3
9 9 a 1
9 2 b 4
9 6 c 3
9 1 d 1
9 9 e 1
0 3 a 2
0 6 b 4
0 2 c 1
0 9 d 3
0 2 e 4
1 9 a 0
1 0 b 1
1 4 c 1
1 9 d 4
1 8 e 2
2 5 a 3
2 7 b 2
2 7 c 0
2 8 d 3
2 2 e 4
3 8 a 1
3 1 b 1
3 2 c 0
3 2 d 2
3 0 e 1
4 9 a 2
4 4 b 0
4 5 c 2
4 6 d 2
4 8 e 1
5 7 a 4
5 0 b 3
5 5 c 1
5 5 d 2
5 3 e 1
6 3 a 2
6 9 b 0
6 8 c 1
6 9 d 4
6 1 e 2
7 2 a 2
7 4 b 2
7 9 c 0
7 7 d 1
7 6 e 4
8 6 a 0
8 2 b 1
8 1 c 4
8 0 d 1
8 4 e 1
9 4 a 2
9 2 b 1
9 2 c 0
9 5 d 1
9 1 e 0
0 2 a 1
0 7 b 1
0 6 c 3
0 1 d 4
0 0 e 1
1 9 a 4
1 9 b 2
1 6 c 2
1 7 d 3
1 8 e 3
2 8 a 2
2 6 b 3
2 5 c 3
2 9 d 0
2 1 e 3
3 9 a 3
3 8 b 3
3 8 c 1
3 9 d 0
3 5 e 1
4 8 a 0
4 0 b 4
4 7 c 3
4 6 d 1
4 5 e 2
5 5 a 2
5 1 b 1
5 8 c 2
5 6 d 0
5 9 e 0
6 6 a 4
6 2 b 1
6 0 c 2
6 4 d 2
6 2 e 0
7 0 a 4
7 9 b 2
7 4 c 4
7 8 d 1
7 7 e 2
8 2 a 1
8 8 b 3
8 4 c 0
8 5 d 3
8 7 e 1
9 6 a 3
9 0 b 4
9 7 c 0
9 6 d 3
9 1 e 2
0 4 a 4
0 2 b 4
0 9 c 1
0 0 d 0
0 5 e 0
1 4 a 3
1 3 b 2
1 6 c 3
1 2 d 0
1 6 e 1
2 8 a 3
2 5 b 0
2 6 c 4
2 0 d 4
2 7 e 4
3 6 a 1
3 6 b 3
3 3 c 2
3 7 d 0
3 3 e 0
4 6 a 4
4 3 b 3
4 2 c 4
4 2 d 0
4 8 e 2
5 2 a 2
5 8 b 2
5 3 c 2
5 1 d 2
5 3 e 2
6 7 a 3
6 8 b 4
6 6 c 2
6 1 d 3
6 3 e 4
7 5 a 2
7 5 b 4
7 9 c 0
7 2 d 2
7 4 e 3
8 3 a 4
8 2 b 2
8 4 c 1
8 2 d 3
8 9 e 3
9 0 a 1
9 4 b 4
9 8 c 0
9 7 d 4
9 5 e 4
